16 5
0.105997 0.0984025 0.137728 0.0997634 0.106165
0.00447511 0.00215822 0.00389715 0.00353661 0.00388118
0.00138273 0.00105438 0.00263417 0.00463562 0.00340454
0.108859 0.100418 0.129554 0.104029 0.104228
0.00454531 0.00373897 0.00297305 0.00475988 0.00417575
0.00118766 0.00330031 0.00457389 0.00266374 0.00135056
0.00160649 0.00158346 0.00247746 0.00354364 0.00304753
0.0359168 0.0321625 0.0438998 0.0347171 0.0340977
0.0348894 0.0338466 0.0441143 0.0346568 0.0345302
0.0342203 0.0339137 0.0441804 0.0340094 0.0358901
0.00166609 0.00474197 0.00107376 0.0016126 0.00103337
0.230183 0.29732 0.348605 0.374434 0.242615
0.00436417 0.00482226 0.00271927 0.00404781 0.00189537
0.00471061 0.00161405 0.00351973 0.00136914 0.00455068
0.00417061 0.00127057 0.00369997 0.0016591 0.00114081
0.0048682 0.00180806 0.00276843 0.00347032 0.00100279
3.08317 0.00167569 0.00312579 3.08198 0.00470131 0.00329117 0.00359231 0.926533 0.927699 0.925381 0.00249217 40.0478 0.00118209 0.00402058 0.00292253 0.00166626
3.08293
